Webots Project File version 8.3.0
perspectives: 000000ff00000000fd0000000200000001000002b7000002c0fc0200000001fb0000001400540065007800740045006400690074006f0072010000001a000002c0000000b100ffffff0000000300000780000000dcfc0100000001fb0000000e0043006f006e0073006f006c00650100000000000007800000005700ffffff000004c3000002c000000001000000020000000100000008fc00000000
simulationViewPerspectives: 000000ff0000000100000002000001830000033a0100000006010000000100
sceneTreePerspectives: 000000ff0000000100000002000000c0000000a80100000006010000000200
minimizedPerspectives: 
maximizedDockId: -1
centralWidgetVisible: 1
orthographicViewHeight: 1
textFiles: 0 "controllers/destroy_test/destroy_test.c"
renderingDevicePerspectives: 309;1;6;0.00484262;0.00617284
