Webots Project File version 8.3.0
perspectives: 000000ff00000000fd000000020000000100000329000002defc0200000001fb0000001400540065007800740045006400690074006f0072010000001a000002de000000b100ffffff000000030000077a000000dcfc0100000001fb0000000e0043006f006e0073006f006c006501000000000000077a0000005700ffffff0000044b000002de00000001000000020000000100000008fc00000000
simulationViewPerspectives: 000000ff0000000100000002000001830000033a0100000006010000000100
sceneTreePerspectives: 000000ff0000000100000002000000c0000000a80100000006010000000200
minimizedPerspectives: 
maximizedDockId: -1
centralWidgetVisible: 1
orthographicViewHeight: 1
textFiles: 0 "controllers/destroy_test/destroy_test.c" "controllers/epuck_go_forward/epuck_go_forward.c"
renderingDevicePerspectives: 309;1;6;0.00566572;0.00589971
